  0   0   0   0   0   0   0   0   0   0   0   0   0   0   0   0
  0 255 255 255 255 255 255 255 255 255 255 255 255 255 255   0
  0 255   0 255 255 255 255   0   0 255 255 255 255   0 255   0
  0 255 255   0 255 255 255 255 255 255 255 255   0 255 255   0
  0 255 255 255   0 128 128 128 128 128 128   0 255 255 255   0
  0 255 255 255 128   0   0   0   0   0   0  64 255 255 255   0
  0 255 255 255 128   0   0   0   0   0   0  64 255 255 255   0
  0 255   0 255 128   0   0   0   0   0   0  64 255   0 255   0
  0 255   0 255 128   0   0   0   0   0   0  64 255   0 255   0
  0 255 255 255 128   0   0   0   0   0   0  64 255 255 255   0
  0 255 255 255 128   0   0   0   0   0   0  64 255 255 255   0
  0 255 255 255   0  64  64  64  64  64  64   0 255 255 255   0
  0 255 255   0 255 255 255 255 255 255 255 255   0 255 255   0
  0 255   0 255 255 255 255   0   0 255 255 255 255   0 255   0
  0 255 255 255 255 255 255 255 255 255 255 255 255 255 255   0
  0   0   0   0   0   0   0   0   0   0   0   0   0   0   0   0
  0   0   0   0   0   0   0   0   0   0   0   0   0   0   0   0
  0 255 255 255 255 255 255 255 255 255 255 255 255 255 255   0
  0 255   0 255 255 255 255   0   0 255 255 255 255   0 255   0
  0 255 255   0 255 255 255 255 255 255 255 255   0 255 255   0
  0 255 255 255   0 128 128 128 128 128 128   0 255 255 255   0
  0 255 255 255 128   0   0   0   0   0   0  64 255 255 255   0
  0 255 255 255 128   0   0   0   0   0   0  64 255 255 255   0
  0 255   0 255 128   0   0   0   0   0   0  64 255   0 255   0
  0 255   0 255 128   0   0   0   0   0   0  64 255   0 255   0
  0 255 255 255 128   0   0   0   0   0   0  64 255 255 255   0
  0 255 255 255 128   0   0   0   0   0   0  64 255 255 255   0
  0 255 255 255   0  64  64  64  64  64  64   0 255 255 255   0
  0 255 255   0 255 255 255 255 255 255 255 255   0 255 255   0
  0 255   0 255 255 255 255   0   0 255 255 255 255   0 255   0
  0 255 255 255 255 255 255 255 255 255 255 255 255 255 255   0
  0   0   0   0   0   0   0   0   0   0   0   0   0   0   0   0
  0   0   0   0   0   0   0   0   0   0   0   0   0   0   0   0
  0 255 255 255 255 255 255 255 255 255 255 255 255 255 255   0
  0 255   0 255 255 255 255   0   0 255 255 255 255   0 255   0
  0 255 255   0 255 255 255 255 255 255 255 255   0 255 255   0
  0 255 255 255   0 128 128 128 128 128 128   0 255 255 255   0
  0 255 255 255 128   0   0   0   0   0   0  64 255 255 255   0
  0 255 255 255 128   0   0   0   0   0   0  64 255 255 255   0
  0 255   0 255 128   0   0   0   0   0   0  64 255   0 255   0
  0 255   0 255 128   0   0   0   0   0   0  64 255   0 255   0
  0 255 255 255 128   0   0   0   0   0   0  64 255 255 255   0
  0 255 255 255 128   0   0   0   0   0   0  64 255 255 255   0
  0 255 255 255   0  64  64  64  64  64  64   0 255 255 255   0
  0 255 255   0 255 255 255 255 255 255 255 255   0 255 255   0
  0 255   0 255 255 255 255   0   0 255 255 255 255   0 255   0
  0 255 255 255 255 255 255 255 255 255 255 255 255 255 255   0
  0   0   0   0   0   0   0   0   0   0   0   0   0   0   0   0

  0   0   0   0   0   0   0   0   0   0   0   0   0   0   0   0
  0 255 255 255 255 255 255 255 255 255 255 255 255 255 255   0
  0 255   0 255 255 255 255   0   0 255 255 255 255   0 255   0
  0 255 255   0 255 255 255 255 255 255 255 255   0 255 255   0
  0 255 255 255   0  64  64  64  64  64  64   0 255 255 255   0
  0 255 255 255 128   0   0   0   0   0   0  64 255 255 255   0
  0 255 255 255 128   0   0   0   0   0   0  64 255 255 255   0
  0 255   0 255 128   0   0   0   0   0   0  64 255   0 255   0
  0 255   0 255 128   0   0   0   0   0   0  64 255   0 255   0
  0 255 255 255 128   0   0   0   0   0   0  64 255 255 255   0
  0 255 255 255 128   0   0   0   0   0   0  64 255 255 255   0
  0 255 255 255   0 128 128 128 128 128 128   0 255 255 255   0
  0 255 255   0 255 255 255 255 255 255 255 255   0 255 255   0
  0 255   0 255 255 255 255   0   0 255 255 255 255   0 255   0
  0 255 255 255 255 255 255 255 255 255 255 255 255 255 255   0
  0   0   0   0   0   0   0   0   0   0   0   0   0   0   0   0
  0   0   0   0   0   0   0   0   0   0   0   0   0   0   0   0
  0 255 255 255 255 255 255 255 255 255 255 255 255 255 255   0
  0 255   0 255 255 255 255   0   0 255 255 255 255   0 255   0
  0 255 255   0 255 255 255 255 255 255 255 255   0 255 255   0
  0 255 255 255   0  64  64  64  64  64  64   0 255 255 255   0
  0 255 255 255 128   0   0   0   0   0   0  64 255 255 255   0
  0 255 255 255 128   0   0   0   0   0   0  64 255 255 255   0
  0 255   0 255 128   0   0   0   0   0   0  64 255   0 255   0
  0 255   0 255 128   0   0   0   0   0   0  64 255   0 255   0
  0 255 255 255 128   0   0   0   0   0   0  64 255 255 255   0
  0 255 255 255 128   0   0   0   0   0   0  64 255 255 255   0
  0 255 255 255   0 128 128 128 128 128 128   0 255 255 255   0
  0 255 255   0 255 255 255 255 255 255 255 255   0 255 255   0
  0 255   0 255 255 255 255   0   0 255 255 255 255   0 255   0
  0 255 255 255 255 255 255 255 255 255 255 255 255 255 255   0
  0   0   0   0   0   0   0   0   0   0   0   0   0   0   0   0
  0   0   0   0   0   0   0   0   0   0   0   0   0   0   0   0
  0 255 255 255 255 255 255 255 255 255 255 255 255 255 255   0
  0 255   0 255 255 255 255   0   0 255 255 255 255   0 255   0
  0 255 255   0 255 255 255 255 255 255 255 255   0 255 255   0
  0 255 255 255   0  64  64  64  64  64  64   0 255 255 255   0
  0 255 255 255 128   0   0   0   0   0   0  64 255 255 255   0
  0 255 255 255 128   0   0   0   0   0   0  64 255 255 255   0
  0 255   0 255 128   0   0   0   0   0   0  64 255   0 255   0
  0 255   0 255 128   0   0   0   0   0   0  64 255   0 255   0
  0 255 255 255 128   0   0   0   0   0   0  64 255 255 255   0
  0 255 255 255 128   0   0   0   0   0   0  64 255 255 255   0
  0 255 255 255   0 128 128 128 128 128 128   0 255 255 255   0
  0 255 255   0 255 255 255 255 255 255 255 255   0 255 255   0
  0 255   0 255 255 255 255   0   0 255 255 255 255   0 255   0
  0 255 255 255 255 255 255 255 255 255 255 255 255 255 255   0
  0   0   0   0   0   0   0   0   0   0   0   0   0   0   0   0

  0   0   0   0   0   0   0   0   0   0   0   0   0   0   0   0
  0 137 187 187 187 187 187 187 187 187 187 187 187 187 137   0
  0 187 161 240 255 237 174 174 174 174 237 255 239 165 187   0
  0 187 240 112 173 182 252 255 255 251 181 173 111 241 187   0
  0 187 255 173  98 119 119 119 119 119 119  98 175 255 187   0
  0 187 237 182 119   0   0   0   0   0   0 123 180 239 187   0
  0 187 174 252 119   0   0   0   0   0   0 123 251 175 187   0
  0 187 174 255 119   0   0   0   0   0   0 123 255 174 187   0
  0 187 174 255 119   0   0   0   0   0   0 123 255 174 187   0
  0 187 174 251 119   0   0   0   0   0   0 123 250 175 187   0
  0 187 237 181 119   0   0   0   0   0   0 123 179 240 187   0
  0 187 255 173  98 123 123 123 123 123 123  98 175 255 187   0
  0 187 239 111 175 180 251 255 255 250 179 175 112 240 187   0
  0 187 162 241 255 239 175 174 174 175 240 255 240 166 187   0
  0 137 187 187 187 187 187 187 187 187 187 187 187 187 137   0
  0   0   0   0   0   0   0   0   0   0   0   0   0   0   0   0
  0   0   0   0   0   0   0   0   0   0   0   0   0   0   0   0
  0 137 187 187 187 187 187 187 187 187 187 187 187 187 137   0
  0 187 161 240 255 237 174 174 174 174 237 255 239 165 187   0
  0 187 240 112 173 182 252 255 255 251 181 173 111 241 187   0
  0 187 255 173  98 119 119 119 119 119 119  98 175 255 187   0
  0 187 237 182 119   0   0   0   0   0   0 123 180 239 187   0
  0 187 174 252 119   0   0   0   0   0   0 123 251 175 187   0
  0 187 174 255 119   0   0   0   0   0   0 123 255 174 187   0
  0 187 174 255 119   0   0   0   0   0   0 123 255 174 187   0
  0 187 174 251 119   0   0   0   0   0   0 123 250 175 187   0
  0 187 237 181 119   0   0   0   0   0   0 123 179 240 187   0
  0 187 255 173  98 123 123 123 123 123 123  98 175 255 187   0
  0 187 239 111 175 180 251 255 255 250 179 175 112 240 187   0
  0 187 162 241 255 239 175 174 174 175 240 255 240 166 187   0
  0 137 187 187 187 187 187 187 187 187 187 187 187 187 137   0
  0   0   0   0   0   0   0   0   0   0   0   0   0   0   0   0
  0   0   0   0   0   0   0   0   0   0   0   0   0   0   0   0
  0 137 187 187 187 187 187 187 187 187 187 187 187 187 137   0
  0 187 161 240 255 237 174 174 174 174 237 255 239 165 187   0
  0 187 240 112 173 182 252 255 255 251 181 173 111 241 187   0
  0 187 255 173  98 119 119 119 119 119 119  98 175 255 187   0
  0 187 237 182 119   0   0   0   0   0   0 123 180 239 187   0
  0 187 174 252 119   0   0   0   0   0   0 123 251 175 187   0
  0 187 174 255 119   0   0   0   0   0   0 123 255 174 187   0
  0 187 174 255 119   0   0   0   0   0   0 123 255 174 187   0
  0 187 174 251 119   0   0   0   0   0   0 123 250 175 187   0
  0 187 237 181 119   0   0   0   0   0   0 123 179 240 187   0
  0 187 255 173  98 123 123 123 123 123 123  98 175 255 187   0
  0 187 239 111 175 180 251 255 255 250 179 175 112 240 187   0
  0 187 162 241 255 239 175 174 174 175 240 255 240 166 187   0
  0 137 187 187 187 187 187 187 187 187 187 187 187 187 137   0
  0   0   0   0   0   0   0   0   0   0   0   0   0   0   0   0

  0   0   0   0   0   0   0   0   0   0   0   0   0   0   0   0
  0 137 187 187 187 187 187 187 187 187 187 187 187 187 137   0
  0 187 165 241 255 239 175 174 174 175 240 255 240 166 187   0
  0 187 239 111 175 180 251 255 255 250 179 175 112 240 187   0
  0 187 255 173  98 123 123 123 123 123 123  98 175 255 187   0
  0 187 237 181 119   0   0   0   0   0   0 123 179 240 187   0
  0 187 174 251 119   0   0   0   0   0   0 123 250 175 187   0
  0 187 174 255 119   0   0   0   0   0   0 123 255 174 187   0
  0 187 174 255 119   0   0   0   0   0   0 123 255 174 187   0
  0 187 174 252 119   0   0   0   0   0   0 123 251 175 187   0
  0 187 237 182 119   0   0   0   0   0   0 123 180 239 187   0
  0 187 255 173  98 119 119 119 119 119 119  98 175 255 187   0
  0 187 240 112 173 182 252 255 255 251 181 173 111 241 187   0
  0 187 161 240 255 237 174 174 174 174 237 255 239 162 187   0
  0 137 187 187 187 187 187 187 187 187 187 187 187 187 137   0
  0   0   0   0   0   0   0   0   0   0   0   0   0   0   0   0
  0   0   0   0   0   0   0   0   0   0   0   0   0   0   0   0
  0 137 187 187 187 187 187 187 187 187 187 187 187 187 137   0
  0 187 165 241 255 239 175 174 174 175 240 255 240 166 187   0
  0 187 239 111 175 180 251 255 255 250 179 175 112 240 187   0
  0 187 255 173  98 123 123 123 123 123 123  98 175 255 187   0
  0 187 237 181 119   0   0   0   0   0   0 123 179 240 187   0
  0 187 174 251 119   0   0   0   0   0   0 123 250 175 187   0
  0 187 174 255 119   0   0   0   0   0   0 123 255 174 187   0
  0 187 174 255 119   0   0   0   0   0   0 123 255 174 187   0
  0 187 174 252 119   0   0   0   0   0   0 123 251 175 187   0
  0 187 237 182 119   0   0   0   0   0   0 123 180 239 187   0
  0 187 255 173  98 119 119 119 119 119 119  98 175 255 187   0
  0 187 240 112 173 182 252 255 255 251 181 173 111 241 187   0
  0 187 161 240 255 237 174 174 174 174 237 255 239 162 187   0
  0 137 187 187 187 187 187 187 187 187 187 187 187 187 137   0
  0   0   0   0   0   0   0   0   0   0   0   0   0   0   0   0
  0   0   0   0   0   0   0   0   0   0   0   0   0   0   0   0
  0 137 187 187 187 187 187 187 187 187 187 187 187 187 137   0
  0 187 165 241 255 239 175 174 174 175 240 255 240 166 187   0
  0 187 239 111 175 180 251 255 255 250 179 175 112 240 187   0
  0 187 255 173  98 123 123 123 123 123 123  98 175 255 187   0
  0 187 237 181 119   0   0   0   0   0   0 123 179 240 187   0
  0 187 174 251 119   0   0   0   0   0   0 123 250 175 187   0
  0 187 174 255 119   0   0   0   0   0   0 123 255 174 187   0
  0 187 174 255 119   0   0   0   0   0   0 123 255 174 187   0
  0 187 174 252 119   0   0   0   0   0   0 123 251 175 187   0
  0 187 237 182 119   0   0   0   0   0   0 123 180 239 187   0
  0 187 255 173  98 119 119 119 119 119 119  98 175 255 187   0
  0 187 240 112 173 182 252 255 255 251 181 173 111 241 187   0
  0 187 161 240 255 237 174 174 174 174 237 255 239 162 187   0
  0 137 187 187 187 187 187 187 187 187 187 187 187 187 137   0
  0   0   0   0   0   0   0   0   0   0   0   0   0   0   0   0
